u= 1 1 1 1 1 1 1 1 1 1 1 1 1 1 1 1 1 1 1 1 1 1 0.587302
 u= 1 1 1 1 1 1 1 1 1 1 1 1 1 1 1 1 1 1 1 1 1 1 0.587302
    Input Profile					 AUC Value
u= 1 1 1 1 1 1 1 1 1 1 1 1 1 1 1 1 1 1 1 1 0 1 		0.587302
u= 1 1 1 1 1 1 1 1 1 0 1 1 1 1 1 1 1 1 1 1 1 1 		0.753968
u= 1 1 1 1 1 1 1 1 1 1 1 1 1 1 1 0 1 1 1 1 1 1		0.7698
u= 1 1 1 1 1 1 1 1 1 1 1 1 0 1 1 1 1 1 1 1 1 1 		0.769841
u= 1 0 0 0 1 1 1 1 0 0 1 1 1 1 1 1 1 1 0 1 1 1 		0.7381
u= 1 1 1 1 0 1 1 1 1 1 1 1 1 0 1 0 0 0 0 1 1 0 		0.718254
u= 1 1 1 0 1 1 1 1 1 1 0 1 0 0 1 1 1 1 1 1 0 1 		0.777778
u= 1 1 1 1 0 0 1 1 1 0 1 1 1 1 0 1 1 1 1 0 0 1		0.769841
u= 0 1 1 0 0 1 1 1 1 0 1 1 1 0 1 0 0 0 1 0 0 0 		0.603175
u= 1 0 1 0 0 0 1 0 1 0 0 0 0 0 1 1 1 0 0 1 1 1 		0.714286
u= 0 1 0 0 1 0 0 1 1 1 1 1 1 0 1 1 0 0 1 0 1 1 		0.702381
u= 0 0 1 1 1 1 1 0 0 0 1 1 1 0 1 0 0 1 0 1 1 1 		0.599206
u= 1 0 1 1 1 0 0 0 1 1 1 0 0 0 1 0 0 1 0 1 0 0 		0.599206
u= 1 0 0 0 0 0 0 0 0 1 0 1 1 0 1 1 0 1 0 1 0 0 		0.722222
u= 1 0 1 0 0 0 1 0 0 1 0 0 1 1 0 0 0 0 0 1 1 0 		0.658730
u= 0 1 0 0 0 0 0 0 0 0 0 0 1 1 0 0 0 0 1 1 0 0 		0.746032
u= 0 0 1 0 0 0 0 1 0 1 0 0 0 0 0 1 1 0 1 0 0 1 		0.626984
u= 0 0 0 0 0 0 0 1 0 0 0 0 0 0 0 1 1 0 0 1 1 1 		0.706349
u= 0 0 0 0 0 0 1 0 0 0 1 0 0 0 1 0 0 0 1 0 0 0 		0.706349
u= 0 0 0 0 0 0 0 1 0 1 0 1 1 0 0 0 0 0 0 0 0 0 		0.678571
u= 0 0 0 0 0 0 0 1 0 0 1 0 0 1 0 0 1 0 0 0 0 0 		0.734127
u= 0 0 1 1 0 1 0 0 1 1 0 0 0 1 0 0 0 1 0 0 1 0 		0.678571
u= 0 1 0 0 0 0 0 0 0 0 1 0 1 0 1 0 0 0 0 0 0 0 		0.626984
 